每幅图像的标定误差：
第1幅图像的平均误差：0.0517531像素
第2幅图像的平均误差：0.0384358像素
第3幅图像的平均误差：0.0885312像素
第4幅图像的平均误差：0.0377688像素
第5幅图像的平均误差：0.100645像素
第6幅图像的平均误差：0.0395414像素
第7幅图像的平均误差：0.0280582像素
第8幅图像的平均误差：0.0444492像素
第9幅图像的平均误差：0.0549029像素
第10幅图像的平均误差：0.0286767像素
总体平均误差：0.0512762像素

相机内参数矩阵：
[676.8807433130876, 0, 324.2684507605456;
 0, 676.5434094567274, 226.9088082939959;
 0, 0, 1]

畸变系数：
[-0.05312563863240058, 1.507813785342216, -0.0005060094876440271, 0.003326041411046192, -8.498187064648873]


第1幅图像的旋转向量：
[-13.48437253255383;
 4.159854807518221;
 224.8940275125056]
第1幅图像的旋转矩阵：
[0.6549250052852987, 0.7548989103528879, -0.03465360875975438;
 -0.7556640628385386, 0.6538028883765696, -0.03890510615341194;
 -0.006712792742575101, 0.05166641364056158, 0.9986418377552173]
第1幅图像的平移向量：
[2.063902744754329;
 2.006977660017424;
 -0.2760743919428425]

第2幅图像的旋转向量：
[-12.34385240934452;
 8.042437289939812;
 225.8905313335009]
第2幅图像的旋转矩阵：
[0.9846352828471936, -0.1745407498346196, 0.005374608785376657;
 0.1744810398779817, 0.9846089117678587, 0.01008253888717077;
 -0.007051701604951175, -0.008989856199177363, 0.9999347258646401]
第2幅图像的平移向量：
[2.322993642363935;
 1.881991665621869;
 -0.2849848032226449]

第3幅图像的旋转向量：
[-10.22229392311922;
 -11.59353541653095;
 217.964895705494]
第3幅图像的旋转矩阵：
[0.1725299574331491, 0.9849106550715165, 0.01357996004088371;
 -0.9807939811576172, 0.1730495200416641, -0.08998349925592759;
 -0.09097571276504288, 0.002205706223851286, 0.9958506687987646]
第3幅图像的平移向量：
[1.486453803469133;
 2.704819043032219;
 -0.0986684276834827]

第4幅图像的旋转向量：
[-19.72137528964909;
 -3.899769715307737;
 226.2410092342279]
第4幅图像的旋转矩阵：
[0.5946852539273041, -0.8024539991105244, -0.0491632797211926;
 0.8036716614712214, 0.5917267494878126, 0.06301836628058635;
 -0.02147811233568696, -0.07698722785055961, 0.9968007109941193]
第4幅图像的平移向量：
[1.629351562817193;
 2.251306189140514;
 -0.4024113264960235]

第5幅图像的旋转向量：
[-25.00340126939759;
 11.26161715513144;
 224.2753779392021]
第5幅图像的旋转矩阵：
[0.9695332285002449, 0.244458009058637, -0.01567165086962088;
 -0.244798260084485, 0.9692321355261374, -0.02574644292037468;
 0.008895543462926059, 0.02879842479252283, 0.9995456568041144]
第5幅图像的平移向量：
[1.824994128359395;
 1.679065889459229;
 -0.6766636445287987]

第6幅图像的旋转向量：
[20.36188950156425;
 18.25647352440513;
 230.2878652431627]
第6幅图像的旋转矩阵：
[0.8421398579163972, 0.5384931992292097, -0.0287321090844546;
 -0.5362939500874979, 0.841899343428273, 0.05995243643582197;
 0.05647352307142345, -0.03507948002655792, 0.9977876383644807]
第6幅图像的平移向量：
[2.288737001543336;
 1.662823170185734;
 -1.224452901900641]

第7幅图像的旋转向量：
[11.88835366714191;
 3.193679524334536;
 229.9751977139746]
第7幅图像的旋转矩阵：
[-0.5626475585583943, 0.8237837910249663, 0.06933967473829872;
 -0.8215406409204746, -0.5665212809375406, 0.06422315439827138;
 0.09218839495432316, -0.02083035980061295, 0.9955236792494306]
第7幅图像的平移向量：
[1.334267645917523;
 2.419218960605648;
 -0.9433491461783484]

第8幅图像的旋转向量：
[40.7736898617222;
 -3.409519144531546;
 228.0269360184474]
第8幅图像的旋转矩阵：
[0.6997319994796466, 0.7115032050866801, 0.06432976026379711;
 -0.7131084555663953, 0.6902006966737251, 0.1228793266209376;
 0.04302858937876364, -0.131856692899854, 0.9903344652356534]
第8幅图像的平移向量：
[0.7257737764381924;
 2.788717459425557;
 -1.19491541777215]

第9幅图像的旋转向量：
[-0.8640180808121113;
 4.33685016615616;
 208.0084998740441]
第9幅图像的旋转矩阵：
[0.7581155380971897, -0.6519987322488687, 0.01258904450212967;
 0.6519568544056924, 0.7582164672665477, 0.007749113450656343;
 -0.0145976329945467, 0.002332790540161232, 0.9998907276294007]
第9幅图像的平移向量：
[2.161470777356991;
 2.215099052902288;
 -0.1612540953201138]

第10幅图像的旋转向量：
[-5.293513517800631;
 18.87609507969655;
 198.1484269134861]
第10幅图像的旋转矩阵：
[-0.3655573770643532, 0.9224443843278375, -0.1243549833978009;
 -0.9293323576915656, -0.3542423077230705, 0.1041813628556923;
 0.052049716822153, 0.1536513756562904, 0.9867533033832032]
第10幅图像的平移向量：
[2.647909217248053;
 1.59586122346592;
 -0.05444988660736701]


